# R script for Peak Model
#  -- generated by MACS
p <- c(0.0396842802211,0.0409374680176,0.0426083850795,0.0436527082433,0.044697031407,0.0451147606725,0.0463679484689,0.0472034069999,0.0486654594291,0.0492920533273,0.0509629703893,0.0517984289202,0.0532604813494,0.0543048045131,0.0557668569423,0.0580643679025,0.0597352849645,0.0618239312919,0.0641214422521,0.0660012239467,0.0668366824777,0.0674632763759,0.0693430580706,0.0699696519689,0.0708051104998,0.0705962458671,0.0697607873361,0.0695519227034,0.0697607873361,0.0689253288051,0.0689253288051,0.0699696519689,0.0693430580706,0.0693430580706,0.0693430580706,0.0691341934379,0.0703873812343,0.0697607873361,0.0685075995397,0.0682987349069,0.0685075995397,0.0680898702742,0.0691341934379,0.0689253288051,0.0693430580706,0.0680898702742,0.0691341934379,0.0680898702742,0.0676721410087,0.0653746300485,0.066627817845,0.0668366824777,0.0670455471105,0.0678810056414,0.0678810056414,0.0693430580706,0.0691341934379,0.0695519227034,0.0687164641724,0.0693430580706,0.0687164641724,0.0693430580706,0.0708051104998,0.0710139751326,0.0710139751326,0.0703873812343,0.0693430580706,0.0691341934379,0.0689253288051,0.0689253288051,0.0697607873361,0.0701785166016,0.0703873812343,0.0718494336635,0.072267162929,0.0720582982963,0.07310262146,0.07310262146,0.0735203507255,0.07310262146,0.0733114860927,0.0726848921945,0.0724760275618,0.0737292153582,0.073938079991,0.0745646738892,0.0743558092565,0.0751912677874,0.0751912677874,0.0754001324202,0.0747735385219,0.0756089970529,0.0756089970529,0.0745646738892,0.073938079991,0.0754001324202,0.073938079991,0.0741469446237,0.0741469446237,0.0751912677874,0.073938079991,0.0745646738892,0.0735203507255,0.0724760275618,0.0720582982963,0.0716405690308,0.0714317043981,0.0712228397653,0.0716405690308,0.0735203507255,0.0735203507255,0.072267162929,0.0701785166016,0.0703873812343,0.0705962458671,0.0697607873361,0.0701785166016,0.0695519227034,0.0680898702742,0.0670455471105,0.0668366824777,0.0676721410087,0.0668366824777,0.0662100885795,0.0662100885795,0.0670455471105,0.0676721410087,0.0678810056414,0.0672544117432,0.0668366824777,0.0672544117432,0.065792359314,0.0664189532122,0.0660012239467,0.0660012239467,0.065792359314,0.0645391715175,0.0643303068848,0.0645391715175,0.0639125776193,0.0634948483538,0.0626593898229,0.0620327959246,0.0626593898229,0.0628682544556,0.0620327959246,0.0630771190883,0.0624505251901,0.0622416605574,0.0624505251901,0.0622416605574,0.0616150666591,0.0618239312919,0.0628682544556,0.0641214422521,0.0641214422521,0.0645391715175,0.0651657654158,0.064956900783,0.0632859837211,0.0634948483538,0.0645391715175,0.0647480361503,0.0643303068848,0.0643303068848,0.0651657654158,0.064956900783,0.0651657654158,0.065792359314,0.0662100885795,0.0651657654158,0.0645391715175,0.064956900783,0.0653746300485,0.0645391715175,0.0647480361503,0.0645391715175,0.064956900783,0.0651657654158,0.066627817845,0.065792359314,0.0653746300485,0.0647480361503,0.0637037129866,0.0634948483538,0.0639125776193,0.0639125776193,0.0641214422521,0.0651657654158,0.066627817845,0.066627817845,0.0670455471105,0.0676721410087,0.0691341934379,0.0695519227034,0.0695519227034,0.0687164641724,0.0689253288051,0.0685075995397,0.0682987349069,0.0682987349069,0.0678810056414,0.0672544117432,0.0660012239467,0.0653746300485,0.0645391715175,0.0641214422521,0.0641214422521,0.0645391715175,0.064956900783,0.0651657654158,0.0655834946813,0.0662100885795,0.0662100885795,0.0660012239467,0.0664189532122,0.0668366824777,0.0676721410087,0.0676721410087,0.0668366824777,0.0676721410087,0.0678810056414,0.0680898702742,0.0674632763759,0.0682987349069,0.0680898702742,0.0674632763759,0.066627817845,0.0662100885795,0.0662100885795,0.0668366824777,0.0680898702742,0.0687164641724,0.0685075995397,0.0674632763759,0.0668366824777,0.0670455471105,0.0662100885795,0.0651657654158,0.0641214422521,0.0647480361503,0.0641214422521,0.0639125776193,0.0630771190883,0.0628682544556,0.0632859837211,0.0645391715175,0.0643303068848,0.0643303068848,0.0637037129866,0.0634948483538,0.0630771190883,0.0637037129866,0.0645391715175,0.0647480361503,0.0660012239467,0.0676721410087,0.0682987349069,0.0682987349069,0.0670455471105,0.0670455471105,0.0670455471105,0.0670455471105,0.0676721410087,0.0674632763759,0.0670455471105,0.0674632763759,0.066627817845,0.066627817845,0.0676721410087,0.0693430580706,0.0695519227034,0.0691341934379,0.0689253288051,0.0691341934379,0.0695519227034,0.0701785166016,0.0714317043981,0.072267162929,0.0724760275618,0.0714317043981,0.0703873812343,0.0708051104998,0.0714317043981,0.073938079991,0.0758178616857,0.0779065080131,0.0781153726458,0.0793685604423,0.0799951543405,0.0799951543405,0.0820838006679,0.0831281238317,0.0829192591989,0.0837547177299,0.0835458530971,0.0837547177299,0.0841724469954,0.0847990408936,0.0860522286901,0.0896029274467,0.0919004384069,0.0916915737741,0.0935713554688,0.0948245432653,0.0948245432653,0.0944068139998,0.0952422725308,0.0979575127564,0.0996284298184,0.0994195651856,0.0994195651856,0.0996284298184,0.0990018359201,0.101090482248,0.101508211513,0.101508211513,0.101508211513,0.102970263942,0.10505891027,0.104641181004,0.10505891027,0.106729827332,0.107565285863,0.107774150495,0.108400744394,0.107983015128,0.107983015128,0.109027338292,0.108818473659,0.110280526088,0.112369172416,0.112160307783,0.114875548009,0.11424895411,0.11424895411,0.113413495579,0.115084412641,0.114875548009,0.115502141907,0.116546465071,0.116337600438,0.115919871172,0.117381923601,0.116755329703,0.117381923601,0.117173058969,0.117799652867,0.119470569929,0.119470569929,0.116546465071,0.116337600438,0.117381923601,0.116964194336,0.115084412641,0.115502141907,0.114457818743,0.112578037048,0.110698255354,0.109236202925,0.110071661455,0.111324849252,0.111533713885,0.113204630947,0.112995766314,0.112995766314,0.113204630947,0.113413495579,0.112995766314,0.112578037048,0.112578037048,0.113204630947,0.111533713885,0.111742578517,0.111742578517,0.110907119986,0.11195144315,0.111742578517,0.112369172416,0.11195144315,0.111742578517,0.110907119986,0.111742578517,0.10965393219,0.110907119986,0.110280526088,0.111324849252,0.110907119986,0.110280526088,0.110280526088,0.110280526088,0.109445067557,0.109445067557,0.107565285863,0.108400744394,0.108609609026,0.108191879761,0.109445067557,0.10965393219,0.111533713885,0.112786901681,0.112786901681,0.113622360212,0.112160307783,0.113413495579,0.114040089478,0.114666683376,0.11571100654,0.116546465071,0.117799652867,0.118843976031,0.118217382132,0.1180085175,0.118217382132,0.116964194336,0.1180085175,0.119888299194,0.121350351624,0.120514893093,0.120514893093,0.121350351624,0.120723757725,0.121559216256,0.122185810155,0.123021268686,0.123230133318,0.124065591849,0.123647862584,0.121976945522,0.123021268686,0.12260353942,0.123021268686,0.124483321115,0.124692185747,0.122394674787,0.122812404053,0.120932622358,0.120932622358,0.121141486991,0.120932622358,0.120514893093,0.120723757725,0.121559216256,0.123230133318,0.12260353942,0.123438997951,0.123230133318,0.122394674787,0.122394674787,0.121141486991,0.120932622358,0.120514893093,0.120723757725,0.121768080889,0.123647862584,0.122812404053,0.124483321115,0.123647862584,0.123856727217,0.125527644278,0.124065591849,0.123647862584,0.124692185747,0.125318779646,0.125527644278,0.124483321115,0.123856727217,0.121350351624,0.122185810155,0.121976945522,0.121141486991,0.121976945522,0.122812404053,0.123230133318,0.123230133318,0.12490105038,0.123856727217,0.124274456482,0.125527644278,0.125736508911,0.126989696708,0.127825155239,0.126571967442,0.12719856134,0.130331530832,0.131375853995,0.132837906424,0.133046771057,0.134717688119,0.134091094221,0.134717688119,0.135762011283,0.134926552752,0.135135417385,0.13555314665,0.136388605181,0.136806334447,0.138268386876,0.139521574672,0.140357033203,0.139939303938,0.140565897836,0.141401356367,0.142027950265,0.142027950265,0.143072273429,0.142027950265,0.143698867327,0.144325461225,0.143072273429,0.144952055124,