# R script for Peak Model
#  -- generated by MACS
p <- c(0.0382862952812,0.0408218115249,0.0423431212712,0.0438644310175,0.0456392923881,0.0476677053832,0.0502032216269,0.0517245313732,0.0529922894951,0.0545135992414,0.0573026671095,0.0590775284802,0.0598381833533,0.061613044724,0.0631343544702,0.0644021125921,0.0651627674653,0.0669376288359,0.0684589385822,0.0694731450797,0.0717551096991,0.0727693161966,0.0735299710698,0.075051280816,0.0765725905623,0.0770796938111,0.0755583840648,0.073022867821,0.0722622129479,0.0715015580747,0.0707409032016,0.0704873515772,0.0702337999528,0.0697266967041,0.0704873515772,0.0715015580747,0.073022867821,0.0737835226941,0.0737835226941,0.0735299710698,0.0725157645722,0.0727693161966,0.0720086613235,0.0722622129479,0.0704873515772,0.0715015580747,0.070994454826,0.0694731450797,0.0704873515772,0.0715015580747,0.0712480064504,0.0702337999528,0.0697266967041,0.0694731450797,0.0707409032016,0.0702337999528,0.0684589385822,0.0674447320847,0.0676982837091,0.0671911804603,0.065669870714,0.0654163190896,0.065669870714,0.0644021125921,0.0666840772115,0.065669870714,0.0669376288359,0.065669870714,0.0649092158409,0.0649092158409,0.0641485609678,0.0669376288359,0.0684589385822,0.0674447320847,0.0671911804603,0.0661769739628,0.0669376288359,0.0684589385822,0.0687124902066,0.0697266967041,0.0699802483285,0.070994454826,0.0704873515772,0.070994454826,0.0694731450797,0.0687124902066,0.0689660418309,0.0687124902066,0.0682053869578,0.0687124902066,0.0694731450797,0.0697266967041,0.0697266967041,0.0697266967041,0.0697266967041,0.0687124902066,0.0682053869578,0.0702337999528,0.0697266967041,0.0694731450797,0.0694731450797,0.0699802483285,0.070994454826,0.070994454826,0.0689660418309,0.0689660418309,0.0687124902066,0.0702337999528,0.0707409032016,0.070994454826,0.0707409032016,0.0707409032016,0.0704873515772,0.0712480064504,0.0687124902066,0.0694731450797,0.0682053869578,0.0692195934553,0.0707409032016,0.0707409032016,0.0694731450797,0.0661769739628,0.0649092158409,0.0659234223384,0.0659234223384,0.0661769739628,0.0674447320847,0.0661769739628,0.0666840772115,0.0666840772115,0.0669376288359,0.0659234223384,0.0659234223384,0.0661769739628,0.0666840772115,0.0669376288359,0.0666840772115,0.0671911804603,0.0666840772115,0.0659234223384,0.0651627674653,0.063641457719,0.0646556642165,0.0641485609678,0.0659234223384,0.0676982837091,0.0676982837091,0.0669376288359,0.0669376288359,0.0666840772115,0.0669376288359,0.0659234223384,0.0646556642165,0.065669870714,0.0669376288359,0.0666840772115,0.0674447320847,0.0676982837091,0.0666840772115,0.0666840772115,0.0671911804603,0.0671911804603,0.0687124902066,0.0694731450797,0.0694731450797,0.0697266967041,0.0707409032016,0.0702337999528,0.0687124902066,0.0687124902066,0.0707409032016,0.0712480064504,0.0720086613235,0.0720086613235,0.0722622129479,0.0727693161966,0.070994454826,0.0707409032016,0.0689660418309,0.0694731450797,0.0694731450797,0.0699802483285,0.070994454826,0.0717551096991,0.0715015580747,0.0712480064504,0.0715015580747,0.0704873515772,0.0725157645722,0.0725157645722,0.0727693161966,0.0747977291917,0.0745441775673,0.0740370743185,0.0740370743185,0.0735299710698,0.073022867821,0.0732764194454,0.0740370743185,0.0740370743185,0.0742906259429,0.0745441775673,0.075051280816,0.0735299710698,0.0722622129479,0.0725157645722,0.0722622129479,0.0715015580747,0.0722622129479,0.0720086613235,0.0720086613235,0.0717551096991,0.0722622129479,0.070994454826,0.070994454826,0.070994454826,0.0715015580747,0.0715015580747,0.0722622129479,0.0727693161966,0.0720086613235,0.0725157645722,0.0722622129479,0.0722622129479,0.0727693161966,0.0722622129479,0.0737835226941,0.0745441775673,0.0773332454354,0.0765725905623,0.0763190389379,0.0775867970598,0.0768261421867,0.0745441775673,0.0755583840648,0.0753048324404,0.075051280816,0.0755583840648,0.0745441775673,0.0737835226941,0.0732764194454,0.0727693161966,0.0720086613235,0.0720086613235,0.0717551096991,0.0715015580747,0.0722622129479,0.0722622129479,0.0717551096991,0.0727693161966,0.0737835226941,0.0747977291917,0.0740370743185,0.0755583840648,0.0753048324404,0.0758119356892,0.0760654873135,0.0763190389379,0.0763190389379,0.0775867970598,0.0778403486842,0.0773332454354,0.0755583840648,0.0758119356892,0.0755583840648,0.0760654873135,0.075051280816,0.0765725905623,0.0763190389379,0.0770796938111,0.0773332454354,0.0786010035573,0.0793616584305,0.0801223133036,0.0793616584305,0.0796152100548,0.078347451933,0.078347451933,0.0798687616792,0.0811365198011,0.0829113811718,0.0826578295474,0.084432690918,0.0862075522887,0.0869682071618,0.0889966201568,0.0879824136593,0.0895037234056,0.0900108266544,0.0915321364006,0.0920392396494,0.0920392396494,0.0948283075176,0.0968567205126,0.0960960656394,0.0963496172638,0.0986315818832,0.0998993400051,0.100659994878,0.100406443254,0.100406443254,0.10015289163,0.102434856249,0.102434856249,0.103195511122,0.104716820868,0.106491682239,0.106998785488,0.106745233863,0.107505888736,0.107759440361,0.109027198483,0.11004140498,0.112830472848,0.113337576097,0.115619540717,0.116887298838,0.116633747214,0.116887298838,0.116887298838,0.116633747214,0.115619540717,0.116633747214,0.115873092341,0.116887298838,0.118915711834,0.119929918331,0.122718986199,0.120183469955,0.120690573204,0.12043702158,0.119676366707,0.118915711834,0.119169263458,0.11815505696,0.116633747214,0.117394402087,0.117140850463,0.11638019559,0.117901505336,0.11815505696,0.119169263458,0.117901505336,0.116887298838,0.116633747214,0.11815505696,0.116887298838,0.115619540717,0.115112437468,0.117140850463,0.117647953712,0.118915711834,0.118662160209,0.119422815082,0.121958331326,0.121958331326,0.122718986199,0.123226089448,0.12449384757,0.124240295945,0.125000950819,0.125000950819,0.123986744321,0.122718986199,0.124240295945,0.122718986199,0.122465434575,0.124747399194,0.124747399194,0.125254502443,0.126522260565,0.126775812189,0.125000950819,0.126015157316,0.125761605692,0.12449384757,0.126522260565,0.123986744321,0.125000950819,0.124240295945,0.124747399194,0.125508054067,0.125761605692,0.126015157316,0.126015157316,0.125761605692,0.126775812189,0.126775812189,0.128043570311,0.125761605692,0.126522260565,0.125761605692,0.127029363814,0.12855067356,0.130325534931,0.128804225184,0.129311328433,0.129564880057,0.129057776809,0.127282915438,0.126522260565,0.125508054067,0.124747399194,0.124747399194,0.124240295945,0.122972537824,0.122465434575,0.122718986199,0.122718986199,0.121958331326,0.121704779702,0.121451228077,0.122718986199,0.123226089448,0.121958331326,0.12221188295,0.122465434575,0.119676366707,0.119676366707,0.119422815082,0.118915711834,0.119169263458,0.119676366707,0.119422815082,0.119676366707,0.120690573204,0.117647953712,0.12043702158,0.120690573204,0.12221188295,0.12221188295,0.12221188295,0.122465434575,0.12221188295,0.123479641072,0.125000950819,0.124747399194,0.123986744321,0.124747399194,0.125254502443,0.126522260565,0.127790018687,0.127282915438,0.127790018687,0.127536467062,0.128043570311,0.126775812189,0.126015157316,0.128043570311,0.128043570311,0.128297121936,0.129057776809,0.130071983306,0.130325534931,0.128043570311,0.128297121936,0.128297121936,0.128043570311,0.127790018687,0.12855067356,0.12855067356,0.12855067356,0.130071983306,0.128043570311,0.12855067356,0.129564880057,0.130071983306,0.130071983306,0.130579086555,0.131339741428,0.131846844677,0.131846844677,0.131593293052,0.132100396301,0.133114602799,0.133621706047,0.135396567418,0.133114602799,0.134635912545,0.132861051174,0.133368154423,0.133368154423,0.133114602799,0.134382360921,0.133368154423,0.132353947926,0.133368154423,0.133621706047,0.132100396301,0.132861051174,0.131339741428,0.130579086555,0.132353947926,0.131086189804,0.131086189804,0.13260749955,0.133875257672,0.133621706047,0.133621706047,0.133621706047,0.133621706047,0.132861051174,0.133368154423,0.13260749955,0.135650119042,0.136410773916,0.135143015794,0.136157222291,0.136157222291,0.137678532038,0.139199841784,0.140214048281,0.139706945033,