# R script for Peak Model
#  -- generated by MACS
p <- c(0.0382919514868,0.0403771567657,0.0420832338122,0.0430310543935,0.0441684390912,0.0462536443701,0.0470119008352,0.0483388496491,0.0504240549281,0.0521301319745,0.0528883884396,0.0544049013698,0.0549735937186,0.0561109784162,0.0568692348813,0.0572483631139,0.0578170554627,0.0589544401603,0.0614187736718,0.0625561583694,0.0633144148345,0.0648309277647,0.0659683124623,0.0688117742064,0.0707074153691,0.0708969794854,0.0718448000667,0.0722239282993,0.0724134924155,0.0716552359505,0.0718448000667,0.0707074153691,0.0701387230203,0.0703282871366,0.0691909024389,0.0695700306715,0.0695700306715,0.0693804665552,0.0697595947877,0.069949158904,0.069949158904,0.069949158904,0.0691909024389,0.0697595947877,0.0701387230203,0.0690013383227,0.0691909024389,0.0695700306715,0.0697595947877,0.0690013383227,0.06710569716,0.0663474406949,0.0655891842298,0.0663474406949,0.0657787483461,0.0653996201135,0.065020491881,0.0646413636484,0.0633144148345,0.062935286602,0.0640726712996,0.0642622354159,0.0663474406949,0.0672952612762,0.0676743895088,0.0690013383227,0.0705178512528,0.0703282871366,0.0697595947877,0.0707074153691,0.0722239282993,0.0727926206481,0.0737404412294,0.0724134924155,0.0724134924155,0.0729821847644,0.0729821847644,0.0727926206481,0.0731717488806,0.074119569462,0.0737404412294,0.0743091335783,0.074119569462,0.0744986976945,0.0756360823921,0.0758256465084,0.0760152106247,0.0758256465084,0.0758256465084,0.0756360823921,0.0750673900433,0.0760152106247,0.0773421594386,0.0775317235549,0.076963031206,0.0775317235549,0.0775317235549,0.0782899800199,0.0784795441362,0.0779108517874,0.0786691082525,0.0786691082525,0.0784795441362,0.0792378006013,0.0805647494152,0.0799960570664,0.0803751852989,0.0799960570664,0.0817021341128,0.081133441764,0.081133441764,0.0809438776477,0.0799960570664,0.0794273647176,0.0792378006013,0.0794273647176,0.0773421594386,0.0782899800199,0.076963031206,0.0767734670898,0.076204774741,0.0756360823921,0.0750673900433,0.0754465182759,0.0752569541596,0.0748778259271,0.0744986976945,0.0746882618108,0.0746882618108,0.0748778259271,0.0756360823921,0.0758256465084,0.0760152106247,0.0756360823921,0.0754465182759,0.0754465182759,0.0754465182759,0.0754465182759,0.0756360823921,0.0760152106247,0.0765839029735,0.0750673900433,0.0743091335783,0.0743091335783,0.0746882618108,0.0739300053457,0.0735508771132,0.0716552359505,0.0716552359505,0.0716552359505,0.0714656718342,0.0712761077179,0.0714656718342,0.0703282871366,0.069949158904,0.0710865436016,0.0708969794854,0.0710865436016,0.0691909024389,0.069949158904,0.0693804665552,0.0690013383227,0.0688117742064,0.0693804665552,0.0710865436016,0.0707074153691,0.0731717488806,0.0726030565318,0.0731717488806,0.072034364183,0.0714656718342,0.0712761077179,0.0718448000667,0.0708969794854,0.0710865436016,0.0705178512528,0.0710865436016,0.0716552359505,0.0710865436016,0.0708969794854,0.0695700306715,0.0691909024389,0.0684326459738,0.0684326459738,0.067863953625,0.0676743895088,0.0674848253925,0.0667265689274,0.0659683124623,0.0663474406949,0.0659683124623,0.0674848253925,0.0669161330437,0.0659683124623,0.0657787483461,0.0667265689274,0.0669161330437,0.0674848253925,0.06710569716,0.0688117742064,0.0690013383227,0.0691909024389,0.0705178512528,0.0705178512528,0.0697595947877,0.0684326459738,0.0690013383227,0.0695700306715,0.0714656718342,0.0716552359505,0.0712761077179,0.0726030565318,0.0722239282993,0.0716552359505,0.0707074153691,0.0703282871366,0.0686222100901,0.0688117742064,0.0684326459738,0.0688117742064,0.0690013383227,0.0690013383227,0.067863953625,0.0686222100901,0.0680535177413,0.0674848253925,0.0674848253925,0.0684326459738,0.0684326459738,0.0674848253925,0.0680535177413,0.0693804665552,0.069949158904,0.0693804665552,0.069949158904,0.0705178512528,0.0707074153691,0.0710865436016,0.0718448000667,0.0716552359505,0.0735508771132,0.0718448000667,0.072034364183,0.0731717488806,0.0729821847644,0.072034364183,0.0714656718342,0.0722239282993,0.0724134924155,0.0718448000667,0.0712761077179,0.0724134924155,0.0710865436016,0.072034364183,0.0729821847644,0.0731717488806,0.0727926206481,0.0729821847644,0.0712761077179,0.0703282871366,0.0708969794854,0.0705178512528,0.0707074153691,0.0697595947877,0.0693804665552,0.0686222100901,0.0695700306715,0.0697595947877,0.0714656718342,0.0714656718342,0.0718448000667,0.0727926206481,0.0733613129969,0.0731717488806,0.074119569462,0.0752569541596,0.0750673900433,0.0739300053457,0.0739300053457,0.0754465182759,0.0763943388572,0.076963031206,0.0777212876711,0.0782899800199,0.0771525953223,0.0777212876711,0.0779108517874,0.0805647494152,0.0803751852989,0.0807543135315,0.0799960570664,0.0818916982291,0.0835977752755,0.0843560317406,0.0868203652521,0.0887160064148,0.0889055705311,0.0887160064148,0.088147314066,0.088147314066,0.0900429552287,0.0889055705311,0.090232519345,0.0908012116938,0.0906116475776,0.0930759810891,0.0951611863681,0.0957298787169,0.097246391647,0.0991420328098,0.099331596926,0.101037673972,0.101795930438,0.102933315135,0.1036915716,0.104639392182,0.105776776879,0.10520808453,0.103881135717,0.105776776879,0.107293289809,0.107293289809,0.109378495088,0.109188930972,0.109188930972,0.109568059205,0.110705443902,0.111084572135,0.11335934153,0.113738469763,0.11335934153,0.112980213298,0.113548905646,0.114686290344,0.116013239158,0.116202803274,0.117340187972,0.114496726228,0.115065418577,0.115065418577,0.114307162111,0.11335934153,0.113548905646,0.112032392716,0.111463700367,0.110515879786,0.112032392716,0.113169777414,0.11487585446,0.115634110925,0.114496726228,0.116771495623,0.116202803274,0.116581931507,0.116581931507,0.116013239158,0.115634110925,0.115634110925,0.115254982693,0.114496726228,0.115065418577,0.113169777414,0.113738469763,0.113738469763,0.114496726228,0.116202803274,0.115823675042,0.11639236739,0.116202803274,0.115254982693,0.112980213298,0.1118428286,0.109568059205,0.11032631567,0.110705443902,0.110895008019,0.11032631567,0.111084572135,0.110515879786,0.110136751553,0.112221956832,0.1118428286,0.112032392716,0.111653264484,0.112221956832,0.112790649181,0.112032392716,0.113738469763,0.112790649181,0.11335934153,0.113928033879,0.11487585446,0.113928033879,0.114117597995,0.112790649181,0.113928033879,0.113928033879,0.114307162111,0.113169777414,0.1118428286,0.111463700367,0.10880980274,0.109947187437,0.108620238623,0.109757623321,0.108430674507,0.108051546274,0.109188930972,0.109757623321,0.109947187437,0.111653264484,0.1118428286,0.111463700367,0.112032392716,0.111463700367,0.109757623321,0.109947187437,0.110895008019,0.112032392716,0.1118428286,0.113928033879,0.113928033879,0.114686290344,0.114307162111,0.113928033879,0.112601085065,0.111463700367,0.110895008019,0.110515879786,0.109757623321,0.108051546274,0.107861982158,0.108620238623,0.109188930972,0.107861982158,0.106345469228,0.106724597461,0.105776776879,0.106155905112,0.104828956298,0.104639392182,0.104449828065,0.106155905112,0.106914161577,0.106914161577,0.106535033344,0.106724597461,0.106914161577,0.108241110391,0.109947187437,0.111274136251,0.113928033879,0.113548905646,0.113928033879,0.112790649181,0.113548905646,0.113738469763,0.113738469763,0.113928033879,0.114686290344,0.113169777414,0.115065418577,0.116013239158,0.116771495623,0.116202803274,0.117150623856,0.116771495623,0.11639236739,0.116961059739,0.117150623856,0.116013239158,0.116771495623,0.117529752088,0.117908880321,0.117529752088,0.120562777948,0.123216675576,0.123595803809,0.123216675576,0.123595803809,0.125112316739,0.126249701437,0.12454362439,0.124354060274,0.125491444971,0.12757665025,0.128145342599,0.128903599064,0.128714034948,0.130230547878,0.130988804343,0.130988804343,0.129093163181,0.130040983762,0.130988804343,0.132126189041,0.132505317273,0.131367932576,0.130799240227,0.131367932576,0.130988804343,0.129851419646,0.129472291413,0.128903599064,0.130799240227,0.129472291413,0.129851419646,0.128714034948,0.129282727297,0.130040983762,0.129093163181,0.12757665025,