# R script for Peak Model
#  -- generated by MACS
p <- c(0.0383535264383,0.0397978014924,0.0414025515526,0.0425258765947,0.0434887266308,0.044933001685,0.0458958517211,0.0475006017813,0.0479820267993,0.0486239268234,0.0502286768836,0.0518334269438,0.0529567519859,0.0548824520581,0.0558453020942,0.0572895771484,0.0588943272085,0.0601781272567,0.0611409772928,0.0625852523469,0.0649923774372,0.0662761774854,0.0680414025516,0.0696461526117,0.0712509026719,0.07173232769,0.0709299526599,0.0709299526599,0.0714113776779,0.0710904276659,0.0702880526358,0.0714113776779,0.0710904276659,0.0709299526599,0.0709299526599,0.0699671026238,0.0702880526358,0.0701275776298,0.0696461526117,0.0694856776057,0.0694856776057,0.0696461526117,0.0701275776298,0.0698066276177,0.0693252025997,0.0690042525877,0.0678809275455,0.0678809275455,0.0685228275696,0.0683623525636,0.0672390275215,0.0669180775094,0.0667576025034,0.0665971274974,0.0673995025275,0.0680414025516,0.0688437775816,0.0688437775816,0.0688437775816,0.0693252025997,0.0704485276418,0.0698066276177,0.0704485276418,0.0707694776539,0.072053277702,0.072053277702,0.0714113776779,0.0715718526839,0.07173232769,0.071892802696,0.0706090026478,0.0706090026478,0.0701275776298,0.0693252025997,0.0690042525877,0.0694856776057,0.0709299526599,0.0704485276418,0.0702880526358,0.0704485276418,0.0701275776298,0.0706090026478,0.0709299526599,0.0707694776539,0.0709299526599,0.0707694776539,0.0702880526358,0.0715718526839,0.072213752708,0.0733370777501,0.0725347027201,0.0728556527321,0.0731766027441,0.0726951777261,0.0734975527562,0.0734975527562,0.0747813528043,0.0742999277862,0.0733370777501,0.0734975527562,0.0738185027682,0.0736580277622,0.0733370777501,0.0734975527562,0.072374227714,0.072053277702,0.072053277702,0.071892802696,0.0730161277381,0.0731766027441,0.072213752708,0.0725347027201,0.0712509026719,0.0696461526117,0.0682018775576,0.0682018775576,0.0686833025756,0.0688437775816,0.0693252025997,0.0693252025997,0.0694856776057,0.0702880526358,0.0704485276418,0.0707694776539,0.0712509026719,0.0699671026238,0.0690042525877,0.0691647275937,0.0699671026238,0.0704485276418,0.0706090026478,0.0698066276177,0.0706090026478,0.0710904276659,0.0709299526599,0.0710904276659,0.0712509026719,0.0702880526358,0.0702880526358,0.0696461526117,0.0698066276177,0.0686833025756,0.0688437775816,0.0688437775816,0.0686833025756,0.0686833025756,0.0690042525877,0.0691647275937,0.0696461526117,0.0690042525877,0.0691647275937,0.0699671026238,0.0699671026238,0.0701275776298,0.0704485276418,0.0704485276418,0.0701275776298,0.0699671026238,0.0698066276177,0.0688437775816,0.0693252025997,0.0688437775816,0.0691647275937,0.0699671026238,0.0710904276659,0.0702880526358,0.0698066276177,0.0706090026478,0.0702880526358,0.0698066276177,0.0698066276177,0.0690042525877,0.0686833025756,0.0693252025997,0.0693252025997,0.0690042525877,0.0693252025997,0.0686833025756,0.0682018775576,0.0680414025516,0.0683623525636,0.0688437775816,0.0673995025275,0.0665971274974,0.0669180775094,0.0669180775094,0.0662761774854,0.0659552274733,0.0654738024553,0.0646714274252,0.0651528524432,0.0667576025034,0.0664366524914,0.0665971274974,0.0667576025034,0.0673995025275,0.0667576025034,0.0664366524914,0.0662761774854,0.0665971274974,0.0664366524914,0.0656342774613,0.0656342774613,0.0653133274492,0.0657947524673,0.0649923774372,0.0646714274252,0.0641900024071,0.0645109524192,0.0646714274252,0.063387627377,0.0640295274011,0.0645109524192,0.0643504774131,0.0641900024071,0.0653133274492,0.0659552274733,0.0645109524192,0.0648319024312,0.0654738024553,0.0657947524673,0.0656342774613,0.0659552274733,0.0651528524432,0.0654738024553,0.0656342774613,0.0656342774613,0.0677204525395,0.0672390275215,0.0670785525154,0.0675599775335,0.0669180775094,0.0665971274974,0.0669180775094,0.0670785525154,0.0680414025516,0.0690042525877,0.0694856776057,0.0690042525877,0.0694856776057,0.0698066276177,0.0701275776298,0.0704485276418,0.0709299526599,0.0699671026238,0.0691647275937,0.0688437775816,0.0690042525877,0.0696461526117,0.0702880526358,0.0707694776539,0.0702880526358,0.0701275776298,0.0704485276418,0.0710904276659,0.0730161277381,0.0742999277862,0.0751023028163,0.0752627778224,0.0759046778464,0.0763861028645,0.0768675278825,0.0765465778705,0.0765465778705,0.0754232528284,0.0747813528043,0.0742999277862,0.0759046778464,0.0760651528524,0.0763861028645,0.0763861028645,0.0771884778946,0.0778303779186,0.0791141779668,0.0795956029848,0.081200353045,0.0820027280751,0.0818422530691,0.0823236780871,0.0826446280992,0.0828051031052,0.0832865281232,0.0853727032015,0.0855331782075,0.0864960282436,0.0864960282436,0.0869774532617,0.0872984032737,0.0887426783279,0.0893845783519,0.0887426783279,0.0892241033459,0.0909893284121,0.0924336034663,0.0946802535505,0.0956431035866,0.0975688036588,0.0980502286769,0.098692128701,0.0996549787371,0.099494503731,0.102062103827,0.103666853888,0.104469228918,0.104950653936,0.10479017893,0.1039878039,0.104469228918,0.105753028966,0.107518254032,0.107839204044,0.108160154056,0.11040680414,0.1120115542,0.113295354249,0.115862954345,0.116825804381,0.116504854369,0.116986279387,0.117628179411,0.118911979459,0.119393404477,0.120356254513,0.120677204525,0.119874829495,0.119393404477,0.119553879483,0.118591029447,0.120356254513,0.121158629543,0.121961004574,0.12292385461,0.122602904598,0.124207654658,0.124849554682,0.124207654658,0.123886704646,0.123084329616,0.122763379604,0.122602904598,0.123244804622,0.122602904598,0.120516729519,0.119393404477,0.118911979459,0.119232929471,0.119232929471,0.119393404477,0.119393404477,0.118591029447,0.119393404477,0.118591029447,0.119393404477,0.119714354489,0.119232929471,0.119393404477,0.120356254513,0.120998154537,0.120195779507,0.118751504453,0.119072454465,0.118591029447,0.117467704405,0.116344379363,0.115702479339,0.115542004333,0.115702479339,0.115381529327,0.114900104309,0.115221054321,0.115381529327,0.115060579315,0.114900104309,0.114579154297,0.114579154297,0.115221054321,0.114579154297,0.114418679291,0.112974404237,0.113134879243,0.113455829255,0.112653454225,0.112172029206,0.111048704164,0.111048704164,0.111369654176,0.111530129182,0.111369654176,0.110888229158,0.111369654176,0.111530129182,0.111369654176,0.112653454225,0.112492979218,0.1120115542,0.1120115542,0.11120917917,0.11120917917,0.110888229158,0.110246329134,0.110567279146,0.110727754152,0.109283479098,0.109283479098,0.110085854128,0.109443954104,0.108641579074,0.107839204044,0.10799967905,0.109443954104,0.10960442911,0.110567279146,0.11040680414,0.11040680414,0.111369654176,0.110567279146,0.109925379122,0.109443954104,0.109764904116,0.109283479098,0.109283479098,0.109443954104,0.108320629062,0.10799967905,0.108481104068,0.107839204044,0.107518254032,0.107036829014,0.107036829014,0.10719730402,0.106876354008,0.106715879002,0.106715879002,0.107036829014,0.106555403996,0.10719730402,0.106876354008,0.106715879002,0.107839204044,0.106876354008,0.107357779026,0.10719730402,0.10719730402,0.106876354008,0.107357779026,0.107518254032,0.10799967905,0.108962529086,0.108962529086,0.109443954104,0.108481104068,0.107678729038,0.109443954104,0.110085854128,0.11040680414,0.109925379122,0.111369654176,0.111690604188,0.111048704164,0.110567279146,0.111530129182,0.11040680414,0.109925379122,0.1120115542,0.111690604188,0.111369654176,0.111369654176,0.112332504212,0.1120115542,0.112813929231,0.111690604188,0.112492979218,0.113776779267,0.114258204285,0.113295354249,0.114418679291,0.115221054321,0.117146754393,0.119553879483,0.118911979459,0.118430554441,0.119232929471,0.119232929471,0.119393404477,0.119072454465,0.119553879483,0.119874829495,0.120998154537,0.120998154537,0.121319104549,0.121961004574,0.123084329616,0.123244804622,0.122763379604,0.12292385461,0.123084329616,0.123886704646,0.123084329616,0.124207654658,0.125010029688,0.125651929712,0.126775254754,0.12452860467,0.124849554682,0.124689079676,0.125010029688,0.123565754634,0.123405279628,0.123405279628,0.123405279628,0.122602904598,0.122763379604,